1,1.06542056075
1,0.364485981308
1,0.18691588785
1,0.102803738318
10,1.40425531915
1,0.414893617021
1,0.212765957447
1,0.117021276596
11,0.425373134328
1,0.373134328358
1,0.149253731343
1,0.0820895522388
17,2.98076923077
9,1.03846153846
16,0.384615384615
1,0.211538461538
22,4.7027027027
6,1.40540540541
6,0.540540540541
1,0.297297297297
8,1.96103896104
1,0.506493506494
1,0.25974025974
1,0.142857142857
13,2.14084507042
38,0.549295774648
1,0.281690140845
1,0.154929577465
8,1.30526315789
1,0.410526315789
1,0.210526315789
1,0.115789473684
9,1.52702702703
4,0.864864864865
1,0.27027027027
1,0.148648648649
1,0.425806451613
1,0.251612903226
1,0.129032258065
1,0.0709677419355
11,0.913793103448
1,0.336206896552
1,0.172413793103
1,0.0948275862069
19,3.72916666667
6,0.8125
1,0.416666666667
1,0.229166666667
12,2.09375
24,4.28125
1,0.625
1,0.34375
1,0.341614906832
1,0.242236024845
1,0.124223602484
1,0.0683229813665
1,0.322580645161
1,0.251612903226
1,0.129032258065
1,0.0709677419355
5,0.893203883495
42,0.514563106796
1,0.194174757282
1,0.106796116505
1,0.19801980198
8,1.10891089109
1,0.19801980198
1,0.108910891089
9,0.612612612613
20,0.576576576577
1,0.18018018018
1,0.0990990990991
24,5.26315789474
28,5.73684210526
2,1.05263157895
2,0.578947368421
18,1.94736842105
82,8.47368421053
2,1.05263157895
1,0.578947368421
1,0.365384615385
1,0.25
1,0.128205128205
1,0.0705128205128
45,0.479166666667
1,0.270833333333
1,0.138888888889
1,0.0763888888889
6,1.03571428571
1,0.348214285714
1,0.178571428571
1,0.0982142857143
14,0.601694915254
1,0.466101694915
1,0.169491525424
1,0.0932203389831
9,2.0
1,0.513157894737
1,0.263157894737
1,0.144736842105
1,0.0958083832335
1,0.293413173653
1,0.119760479042
1,0.0658682634731
13,1.72727272727
10,1.76363636364
1,0.363636363636
1,0.2
49,0.402777777778
1,0.277777777778
1,0.138888888889
1,0.0763888888889
1,0.102941176471
8,0.595588235294
1,0.147058823529
1,0.0808823529412
15,3.65306122449
10,0.795918367347
17,0.408163265306
1,0.224489795918
31,4.56666666667
14,2.7
15,0.666666666667
11,0.366666666667
4,0.636363636364
8,1.46753246753
1,0.25974025974
1,0.142857142857
38,5.73684210526
39,5.31578947368
4,1.05263157895
3,0.578947368421
43,6.21052631579
34,4.84210526316
2,1.05263157895
2,0.578947368421
8,0.569444444444
1,0.270833333333
1,0.138888888889
1,0.0763888888889
9,0.527777777778
1,0.270833333333
1,0.138888888889
1,0.0763888888889
7,0.947368421053
71,8.78947368421
11,1.52631578947
4,0.578947368421
38,0.51724137931
1,0.268965517241
1,0.137931034483
1,0.0758620689655
1,0.377358490566
1,0.245283018868
1,0.125786163522
1,0.0691823899371
1,0.303921568627
8,1.00980392157
1,0.196078431373
1,0.107843137255
20,1.92307692308
44,5.76923076923
2,0.769230769231
1,0.423076923077
76,8.05263157895
21,3.0
2,1.05263157895
2,0.578947368421
12,2.46341463415
11,2.63414634146
1,0.487804878049
1,0.268292682927
1,0.0625
15,2.515625
1,0.3125
1,0.171875
7,1.0
82,8.89473684211
4,1.36842105263
2,0.578947368421
1,0.226993865031
1,0.239263803681
1,0.122699386503
1,0.0674846625767
10,1.73684210526
86,8.63157894737
2,1.05263157895
2,0.578947368421
28,0.412587412587
1,0.272727272727
1,0.13986013986
1,0.0769230769231
56,6.88
6,1.76
2,0.8
2,0.44
1,0.376146788991
6,0.807339449541
1,0.183486238532
1,0.100917431193
8,1.38461538462
17,3.76923076923
15,0.512820512821
11,0.282051282051
1,0.150602409639
1,0.265060240964
1,0.120481927711
1,0.066265060241
11,1.91549295775
6,0.704225352113
1,0.281690140845
1,0.154929577465
1,0.243697478992
11,0.731092436975
1,0.168067226891
1,0.0924369747899
8,0.579710144928
1,0.282608695652
1,0.144927536232
1,0.0797101449275
8,1.96103896104
1,0.506493506494
1,0.25974025974
1,0.142857142857
11,2.27272727273
4,0.666666666667
1,0.30303030303
1,0.166666666667
46,7.26315789474
19,3.78947368421
2,1.05263157895
2,0.578947368421
11,0.634782608696
15,0.495652173913
1,0.173913043478
1,0.095652173913
45,5.21052631579
47,5.84210526316
2,1.05263157895
1,0.578947368421
8,1.22
1,0.39
1,0.2
1,0.11
22,4.94444444444
7,1.36111111111
6,0.555555555556
6,0.305555555556
30,4.15789473684
55,6.68421052632
2,1.05263157895
4,0.578947368421
7,0.883116883117
9,1.25974025974
1,0.25974025974
1,0.142857142857
62,6.78947368421
36,4.26315789474
8,1.05263157895
6,0.578947368421
1,0.343558282209
1,0.239263803681
1,0.122699386503
1,0.0674846625767
9,0.892307692308
12,1.81538461538
1,0.307692307692
1,0.169230769231
1,0.409395973154
1,0.261744966443
1,0.134228187919
1,0.0738255033557
8,1.85526315789
1,0.539473684211
1,0.263157894737
1,0.144736842105
16,3.32692307692
5,0.769230769231
10,0.384615384615
1,0.211538461538
8,0.851851851852
1,0.453703703704
1,0.185185185185
1,0.101851851852
17,2.775
15,2.525
1,0.5
1,0.275
5,0.793103448276
12,2.31034482759
1,0.344827586207
1,0.189655172414
45,5.52631578947
48,5.52631578947
6,1.05263157895
4,0.578947368421
13,1.5
14,2.36
1,0.4
1,0.22
27,5.63157894737
25,5.36842105263
2,1.05263157895
3,0.578947368421
82,7.89473684211
27,3.15789473684
2,1.05263157895
2,0.578947368421
20,0.514705882353
1,0.286764705882
1,0.147058823529
1,0.0808823529412
10,2.29411764706
1,0.573529411765
1,0.294117647059
1,0.161764705882
40,4.78947368421
52,6.21052631579
2,1.05263157895
5,0.578947368421
8,1.18181818182
6,0.659090909091
1,0.227272727273
1,0.125
13,0.44262295082
13,2.39344262295
1,0.327868852459
1,0.180327868852
4,0.578947368421
85,8.89473684211
9,1.73684210526
2,0.578947368421
56,7.73684210526
24,3.31578947368
2,1.05263157895
1,0.578947368421
13,1.42647058824
5,1.23529411765
1,0.294117647059
1,0.161764705882
67,8.42105263158
19,2.63157894737
2,1.05263157895
2,0.578947368421
13,0.606060606061
1,0.295454545455
1,0.151515151515
1,0.0833333333333
13,1.26804123711
1,0.40206185567
1,0.20618556701
1,0.113402061856
1,0.411392405063
1,0.246835443038
1,0.126582278481
1,0.0696202531646
1,0.211920529801
1,0.350993377483
1,0.132450331126
1,0.0728476821192
8,0.731707317073
1,0.317073170732
1,0.162601626016
1,0.0894308943089
17,0.818181818182
1,0.436363636364
1,0.181818181818
1,0.1
1,0.0975609756098
11,1.70731707317
1,0.243902439024
1,0.134146341463
36,5.08333333333
3,1.22222222222
7,0.555555555556
9,0.305555555556
19,0.547368421053
8,0.978947368421
1,0.210526315789
1,0.115789473684
1,0.166666666667
43,6.0
5,0.866666666667
1,0.366666666667
10,2.05263157895
17,3.39473684211
1,0.526315789474
1,0.289473684211
7,1.01333333333
10,1.24
1,0.266666666667
1,0.146666666667
22,0.503401360544
1,0.265306122449
1,0.136054421769
1,0.0748299319728
15,2.01515151515
3,0.848484848485
1,0.30303030303
1,0.166666666667
