1;4;2;114
1;13;10;39
10;19;40;20
4;20;69;11
1;5;3;132
1;10;6;39
7;18;28;20
4;20;56;11
1;6;3;57
1;8;5;50
16;19;65;20
1;20;94;11
1;4;2;155
1;4;2;54
1;9;5;20
1;15;12;11
1;0;0;174
1;0;0;52
1;13;9;20
1;8;5;11
1;4;2;151
1;4;2;39
1;11;8;20
8;19;42;11
1;4;2;152
1;8;5;39
1;14;17;20
6;18;28;11
1;11;9;124
1;11;7;39
19;14;24;20
5;20;58;11
1;6;3;113
1;8;6;64
18;14;13;20
9;18;34;11
1;4;2;66
14;16;34;39
1;20;91;20
1;20;120;11
1;9;6;106
1;8;7;39
4;20;50;20
1;20;80;11
1;6;3;179
1;2;1;39
1;9;6;20
1;15;20;11
1;6;3;67
1;0;0;137
1;11;7;20
1;11;9;11
1;9;11;55
9;16;32;39
1;20;96;20
1;20;126;11
1;9;10;50
17;15;20;39
1;19;89;20
1;20;119;11
1;3;2;92
1;2;1;53
15;17;32;20
1;20;66;11
1;11;16;20
1;5;3;112
10;19;32;20
4;20;64;11
1;5;3;68
1;4;2;64
12;19;41;20
1;20;74;11
1;0;0;100
1;0;0;109
1;0;0;20
1;9;8;11
1;0;0;37
1;0;0;161
1;0;0;20
1;8;6;11
1;10;7;57
16;15;29;39
1;20;88;20
1;20;119;11
1;7;4;69
29;16;27;39
12;20;75;20
1;20;109;11
1;3;2;116
1;8;5;39
8;19;44;20
1;20;76;11
1;8;6;71
1;8;4;55
10;19;52;20
1;20;81;11
1;4;2;152
1;2;1;39
1;11;8;20
3;20;38;11
1;20;99;16
35;11;14;49
5;20;96;20
1;20;130;11
1;6;3;95
1;10;5;97
1;9;8;20
8;15;18;11
1;9;6;58
1;11;12;40
14;20;77;20
1;20;106;11
5;20;79;14
1;4;2;81
6;20;72;20
1;20;97;11
1;0;0;179
1;6;4;39
1;5;4;20
1;14;11;11
1;0;0;137
1;0;0;81
1;8;4;20
1;11;9;11
1;6;4;49
1;6;3;113
1;14;10;20
6;18;40;11
1;0;0;109
1;0;0;101
1;0;0;20
1;11;9;11
1;0;0;118
1;0;0;92
1;0;0;20
1;10;7;11
1;6;4;82
7;12;23;39
12;20;72;20
1;20;109;11
1;2;1;76
22;14;26;39
2;20;81;20
1;20;108;11
1;5;4;18
1;0;0;167
1;0;0;29
1;10;8;11
1;2;1;75
34;15;22;39
1;20;79;20
1;20;110;11
1;10;7;60
12;17;27;39
4;20;87;20
1;20;121;11
1;10;6;31
1;0;0;103
8;18;37;20
6;20;68;11
1;3;2;50
1;0;0;150
1;7;5;20
1;9;7;11
1;0;0;153
1;0;0;57
1;0;0;20
1;9;8;11
1;2;1;101
1;0;0;108
1;9;5;20
1;9;8;11
4;19;48;4
1;0;0;161
12;13;11;20
7;14;20;11
1;4;2;19
1;0;0;169
1;0;0;26
1;10;8;11
22;14;24;37
18;17;36;39
1;20;98;20
1;20;126;11
1;0;0;33
1;0;0;164
1;0;0;20
1;11;9;11
38;7;6;59
32;14;14;39
7;20;77;20
1;20;106;11
1;0;0;172
1;0;0;44
1;10;6;20
1;8;6;11
1;10;7;41
1;4;2;88
4;18;38;20
9;20;72;11
1;8;4;54
1;0;0;147
1;6;4;20
1;7;5;11
16;18;63;25
36;14;17;44
10;20;100;20
1;20;127;11
1;5;3;136
1;2;1;50
1;10;7;20
5;17;36;11
1;17;12;29
1;6;5;87
6;20;50;20
1;20;81;11
1;0;0;80
30;12;11;39
3;20;74;20
1;20;102;11
1;6;3;151
1;5;3;39
1;14;9;20
1;19;39;11
1;2;1;150
1;7;4;44
1;16;16;20
6;19;29;11
1;0;0;138
1;0;0;72
1;0;0;20
1;11;9;11
1;4;4;73
1;0;0;57
6;20;51;20
1;20;77;11
1;0;0;99
1;0;0;111
1;0;0;20
1;8;7;11
1;4;2;122
1;17;14;39
11;17;25;20
5;20;62;11
1;0;0;178
1;0;0;49
1;13;9;20
1;13;10;11
1;0;0;79
1;0;0;127
1;0;0;20
1;9;7;11
1;2;1;68
1;4;2;97
1;11;8;20
11;16;36;11
1;0;0;129
1;0;0;81
1;0;0;20
1;10;8;11
1;6;3;56
22;17;45;39
4;20;98;20
1;20;125;11
1;8;5;58
1;2;1;118
1;11;9;20
4;17;26;11
1;2;1;61
1;16;16;39
1;20;82;20
1;20;110;11
1;9;5;141
1;6;3;41
15;15;15;20
1;18;39;11
1;2;1;173
1;9;6;40
1;10;7;20
1;14;12;11
1;6;3;92
1;6;3;49
10;19;36;20
8;20;71;11
1;2;1;111
1;2;1;101
1;9;7;20
1;12;11;11
1;12;7;46
1;2;1;134
1;12;7;20
1;16;18;11
1;0;0;105
1;0;0;105
1;0;0;20
1;11;9;11
1;12;7;75
1;5;3;118
1;12;7;20
6;16;18;11
1;0;0;107
1;0;0;102
1;0;0;20
1;10;8;11
1;0;0;150
1;0;0;60
1;0;0;20
1;8;6;11
1;2;1;70
34;12;11;39
17;20;71;20
1;20;101;11
1;2;1;156
1;6;5;39
1;11;10;20
3;17;29;11
1;0;0;91
1;0;0;118
1;0;0;20
1;9;7;11
1;6;4;104
1;7;5;58
6;17;21;20
3;19;47;11
1;11;6;27
1;4;2;146
1;12;10;20
1;20;21;11
1;9;7;11
1;0;0;169
1;0;0;33
1;10;8;11
1;0;0;147
1;0;0;63
1;0;0;20
1;9;7;11
1;4;2;97
1;0;0;84
1;13;12;20
5;16;27;11
1;0;0;160
1;0;0;50
1;0;0;20
1;11;9;11
1;5;3;80
1;9;8;39
10;19;63;20
1;20;95;11
1;4;2;123
1;6;4;39
1;14;21;20
1;19;59;11
1;10;7;65
24;17;39;39
8;20;89;20
1;20;118;11
13;14;22;32
1;7;5;53
3;20;82;20
1;20;113;11
1;9;6;90
32;14;11;39
10;19;56;20
1;20;87;11
1;5;3;90
1;5;3;48
7;18;39;20
1;20;71;11
1;19;46;8
1;8;4;140
5;17;24;20
7;20;44;11
1;0;0;183
1;0;0;44
1;10;7;20
1;14;15;11
1;9;6;52
1;6;3;93
5;18;26;20
9;20;57;11
1;14;12;5
1;0;0;180
1;2;1;26
1;9;6;11
1;4;2;78
1;0;0;129
1;5;3;20
1;13;8;11
1;7;4;76
1;4;2;93
1;16;9;20
1;19;39;11
1;0;0;74
26;16;22;39
1;20;83;20
1;20;108;11
1;6;3;133
1;10;6;56
1;16;11;20
5;18;25;11
