1;4;2;114
9;20;65;39
3;20;85;20
1;20;95;11
1;5;3;132
7;20;54;39
16;20;73;20
1;20;82;11
24;15;23;57
15;19;66;50
11;20;112;20
1;20;122;11
1;7;4;155
1;10;6;54
6;20;30;20
5;20;38;11
1;0;0;174
1;0;0;52
1;14;11;20
6;19;24;11
1;4;2;151
7;20;36;39
6;20;55;20
4;20;64;11
1;4;2;152
17;20;29;39
7;20;50;20
1;20;58;11
1;11;9;124
4;20;55;39
8;20;73;20
1;20;82;11
1;6;3;113
1;8;6;64
5;20;52;20
3;20;62;11
12;20;43;66
19;20;115;39
1;20;134;20
1;20;143;11
1;9;6;106
6;20;76;39
1;20;94;20
1;20;104;11
1;6;3;179
32;10;10;39
8;18;27;20
6;19;36;11
1;6;3;67
1;0;0;137
19;13;11;20
8;18;18;11
18;18;67;55
4;20;121;39
1;20;140;20
1;20;149;11
16;19;63;50
5;20;114;39
4;20;134;20
1;20;143;11
88;7;6;92
16;18;26;53
11;20;81;20
1;20;91;11
4;20;58;20
1;5;3;112
1;20;80;20
1;20;89;11
58;12;11;68
60;8;7;64
1;20;90;20
1;20;99;11
1;0;0;100
1;0;0;109
1;0;0;20
1;9;8;11
1;0;0;37
1;0;0;161
1;0;0;20
1;8;6;11
17;19;59;57
5;20;115;39
1;20;135;20
1;20;144;11
23;15;18;69
6;20;103;39
1;20;122;20
1;20;132;11
1;4;4;116
5;20;71;39
6;20;91;20
1;20;99;11
69;14;13;71
11;20;39;55
1;20;97;20
1;20;106;11
1;4;2;152
8;20;34;39
10;20;55;20
1;20;64;11
1;20;135;16
6;20;103;49
1;20;145;20
1;20;155;11
1;6;3;95
1;10;5;97
11;18;32;20
9;20;41;11
30;17;34;58
4;20;101;40
1;20;123;20
1;20;131;11
1;20;110;14
62;14;16;81
1;20;115;20
1;20;123;11
1;0;0;179
21;14;11;39
7;19;29;20
4;20;37;11
1;0;0;137
1;0;0;81
10;13;10;20
1;15;15;11
1;6;4;49
1;6;3;113
7;20;55;20
2;20;65;11
1;0;0;109
1;0;0;101
1;0;0;20
1;11;9;11
1;0;0;118
1;0;0;92
1;0;0;20
1;10;7;11
35;15;30;82
3;20;104;39
1;20;122;20
1;20;132;11
41;15;19;76
3;20;103;39
1;20;123;20
1;20;132;11
1;5;4;18
1;0;0;167
1;0;0;29
1;10;8;11
38;15;20;75
3;20;105;39
1;20;123;20
1;20;133;11
19;19;66;60
21;20;118;39
1;20;137;20
1;20;147;11
12;19;43;31
96;7;6;103
4;20;81;20
1;20;90;11
1;3;2;50
1;0;0;150
1;9;7;20
1;14;12;11
1;0;0;153
1;0;0;57
1;0;0;20
1;9;8;11
1;2;1;101
1;0;0;108
17;16;18;20
6;19;27;11
1;20;56;4
1;0;0;161
5;20;43;20
5;20;52;11
1;4;2;19
1;0;0;169
1;0;0;26
1;10;8;11
12;19;91;37
5;20;123;39
1;20;142;20
1;20;151;11
1;0;0;33
1;0;0;164
1;0;0;20
1;11;9;11
24;17;38;59
15;20;103;39
1;20;122;20
1;20;131;11
1;0;0;172
1;0;0;44
1;10;6;20
7;15;14;11
15;16;28;41
1;7;4;88
9;20;88;20
1;20;97;11
1;8;4;54
1;0;0;147
7;17;16;20
7;17;22;11
5;20;116;25
5;20;111;44
1;20;145;20
1;20;153;11
1;5;3;136
29;13;12;50
9;20;48;20
3;20;59;11
5;19;62;29
1;6;5;87
1;20;98;20
1;20;107;11
55;10;10;80
4;20;98;39
1;20;117;20
1;20;126;11
1;8;5;151
7;20;35;39
10;20;56;20
1;20;65;11
1;2;1;150
40;11;11;44
3;20;44;20
8;20;54;11
1;0;0;138
1;0;0;72
1;0;0;20
1;11;9;11
1;4;4;73
23;16;35;57
1;20;94;20
1;20;102;11
1;0;0;99
1;0;0;111
1;0;0;20
1;8;7;11
1;4;2;122
4;20;59;39
1;20;78;20
1;20;88;11
1;0;0;178
1;0;0;49
16;17;16;20
8;20;25;11
1;0;0;79
1;0;0;127
1;0;0;20
1;9;7;11
1;5;3;68
1;4;2;97
7;20;54;20
1;20;63;11
1;0;0;129
1;0;0;81
1;0;0;20
1;10;8;11
15;19;73;56
8;20;123;39
1;20;142;20
1;20;151;11
1;11;7;58
1;2;1;118
5;20;40;20
1;20;53;11
18;16;33;61
34;20;109;39
1;20;128;20
1;20;137;11
1;9;5;141
15;18;27;41
3;20;53;20
6;20;64;11
1;2;1;173
27;12;9;40
7;19;29;20
11;20;40;11
1;6;3;92
9;19;40;49
1;20;86;20
1;20;96;11
1;2;1;111
1;2;1;101
5;18;18;20
3;20;28;11
1;14;10;46
1;5;3;134
3;19;35;20
3;20;43;11
1;0;0;105
1;0;0;105
1;0;0;20
1;11;9;11
1;12;7;75
1;5;3;118
10;19;28;20
8;20;38;11
1;0;0;107
1;0;0;102
1;0;0;20
1;10;8;11
1;0;0;150
1;0;0;60
1;0;0;20
1;8;6;11
50;11;14;70
8;20;96;39
1;20;114;20
1;20;124;11
1;2;1;156
11;19;27;39
4;20;46;20
5;20;56;11
1;0;0;91
1;0;0;118
1;0;0;20
1;9;7;11
1;6;4;104
58;9;8;58
8;20;67;20
1;20;76;11
26;15;11;27
1;4;2;146
6;20;39;20
7;20;49;11
1;9;7;11
1;0;0;169
1;0;0;33
1;10;8;11
1;0;0;147
1;0;0;63
1;0;0;20
1;9;7;11
1;4;2;97
1;6;4;84
4;20;45;20
11;20;56;11
1;0;0;160
1;0;0;50
1;0;0;20
1;11;9;11
42;11;10;80
9;20;92;39
1;20;111;20
1;20;120;11
1;4;2;123
9;19;55;39
14;20;76;20
1;20;84;11
15;19;54;65
8;20;118;39
1;20;136;20
1;20;146;11
4;20;86;32
8;20;76;53
1;20;129;20
1;20;139;11
1;9;6;90
7;20;83;39
5;20;102;20
1;20;111;11
1;5;3;90
8;19;43;48
14;20;89;20
1;20;97;11
1;20;68;8
1;8;4;140
5;19;59;20
1;20;70;11
1;0;0;183
1;0;0;44
1;14;12;20
7;18;23;11
1;9;6;52
1;9;5;93
1;20;74;20
1;20;82;11
4;17;17;5
1;0;0;180
15;8;6;26
5;16;18;11
1;4;2;78
1;0;0;129
11;15;16;20
9;19;24;11
1;7;4;76
1;4;2;93
5;20;54;20
2;20;63;11
56;14;17;74
9;20;107;39
1;20;126;20
1;20;135;11
1;6;3;133
1;10;6;56
3;20;45;20
9;20;54;11
